T aba Quadratofum. 469

4,.1896 Qud Rad.Quad.R4d,Q144d.

4391 ,154881 ,433 377343 433
4393 333664 433 378984 433 394394 .
393 334449 423 378939 433 393799
J 394155236 424 99779 ¹454 206116
395 336033 433 389633 455 397933,
39⁶ 336836 436 383476 434 39796
397157649 427 383339 437 398849
4 398 338494 438 383384 438 ’399564
39⁹ 15 201 429 '184041 459 339983
, 499 369999 430 384990 J 469 211600
, 401 369893 431 18576'1 461 333333
493 363694 433
, 403 ι64449, 18818
404 363336
4 405 364933 64378

387489 463 334369
484 388336 464 333396
433 389333 4⁶5 339333
4 499 164836 436 399996 466 337336
¹ 40⁷ ι63649 4499969 ’

. 408 366464 8393844

, 409 167281 489 393733 .

· 439368399 449 39 699

, 433 368933 443 394483

433 369744 443 393364

443 170569, 443 196249 223729

“ 41417139 444 197136¹ 334676

4 4348373333 445 1980252'25625

ζ 4394373936 4 346 398936
4ι7 373889 447 199809 477 337389

, 438 373734 4481399794 478 338484

J 439 ι73363 4498383693

439 376499 439 393399 488 ·234404

. 639 · 48²¹

 

¹203401 .

¹⁸⁶624 46Ζ Ζ13444 -

479 229441 ” ’

