ἡ Τ abula Quadratorum. Ι467 ¹

Rad. Qud 866.66468.1846..8946.

211 44999 949 58081 271 79449
212 Ι44944 747 58 64 777 79964
213 49969 243 99649 273 74 79,
.214 49796 744 99996 774 79676
999 Ἰ46997 949 66699 979 79699 ·
996 46696 246 669 16' 976 Ι 76976
217 47689 747 67669 777 76779
,668 47974 77684
77847
78466
67669 Ι 989 79869

69669 979
69966 986

219 47969
λ996 48466 996

Ι 4
999 48849 251
¹ 989 79994

⁶3 04 987 86689·Ι

64009

999 49984
49729
224 ¹ 50176

248 Ι 69964 978

¹¹¹ 649 996 984 86696

225 ς669ς 255 69079 987 89999 .
996 5¹076 996 69 996 986 89796
J 997 99999 66649 287 82369
Ι 998 99984 66964 889944
’ 229 99449 999 6 7689 289 83521
¹ 230 99966 966

[2 231 97769 969 Ι

67666 996
68999 999
Ι 979 99894 Ι 767 68644 999 89764
’ 354289 Ι 969 69969 997 89849
ι744 94796 964 69699 294 86476
255
746Ι ΙΙ

”225 966 76796

967, 7128 9
Ι 79894

996 87696
997 Ἓ969
(38¹ 998

969 76999 8'¹ 997 ¹}8 7025
9 9696
96969
’799 89469
766 96666

72365

³ 946 57600 976 79966

 

