486Ι Pars-m. Caput„ VI.

= Rad. Qadrat.

1611 1616884
1615 8 2Q4u9
1624 1657576
1615 1646615

1611 4 1617641

1665 5414
1666689
1669956
· 1635 2673225
· 26 76496

1657 1679769
1638 1685644

, - 1659 1686511
1646 “ 1689666

1641

1641 1696164

1641 1699449 ’

1644Ὶ 1761756]
1645 1766615
1646 1769516
'¹647 2712609
s 1648 ²76904
1649 1719161
1656 1711566

Ι 1654

16918811

Rad. ¹ Qadr.

1651 1715861Ι

1651 1719614
¹653 2732409
2635716
1⁶55 ²739⁰²5
1656 1741556
1⁶57 2745649
1658 1748964
1659 Ι 1751181
1666 1755666
1661 1758911
1661 1761144
1665 1765569
1664 1768896
1665 1771115
1666 1775556
1667 , 1778889
1668 1781114
ι669 4781169
1670 1788966

· 1671 2792241

¹⁶72 Ζ791184
¹673 2798929
1674 · 1861176
1675 1865615
1976 1868976
1677 1811919
1678 1815684

, 1679 ’ 1819641

1686 1811444
, 1 1

 

f

