1118101411811018477

..Rad ,8111181181ιί 1ἐζιιιιίι.

1081 1168561 1 1111 1134311
1081 1170714 1111 1136544’
1083 ’ 1171889 1113 1138769
1084 1175 056 1114 1140996

Ι1085
· 1086 Ι
’ ι’1087 1181569 , 1117 1147689

Ις 1143115 ·
’1088 Ι 118 744 1118 1249924

1177115 1115

1179398 1116 1145456

1089 1185 ,5911 , 1119 1252161 .
⁶ 1090 1188100 ’ 1110 1 -54460

1091 ‘
1091
1011 1191111
1094 119683 6
¹095 Η99028
1096 1101116

’ 1097 1103409
1105604

1107801

1100 1110006
Δ1101 1111101

1113 126112'9
1114 1163376
1115 1516615
1126 1267876
1127 ¹²70¹29
1118
1119
1130
1131
1131

1 -71111
1274641
1176900
1179161
1181414
1183689
1185956
1188113

1190181 Ι 1121 1156641.
1191464 1111 1158884

1103 1133
11041188161134
1105 1111015 1135
1106 ¹ 1113136 1136 1190496
1107101419 ¹¹3 37 ¹292769
· 1108 ¹ 1117664 1138 1195044
1109 Ι 1229881 , 1139 1197311
1110 1131100· '.· 1140 1199600
1141

 

