470 Ι ParsIII Caput VI

Rad Qud. Rad. Qad. Rad Qud.

481 231361 511 161111

481 2323 324 512 161144

481 23 289 513 164169

484 144146 414 164196

484 1441141161114
486 236596 516 166146

5⁸⁷ 257169 617 167189

488 238134 518 166414

5⁸⁹ 239121 Ι 419 169461

49⁰ 140100 1 520 170400

491 171081411 171441

522 171484

111 111111

6 414 174176

’ 414174614

416 176676

527 277729

528 178184

411 279841

' 530 180901

5¹⁰ 1601οό Ι 540 191600

541 191681

3 542 191164
³ 543 294849

544 ²95935
545 297025
-446 198116
647 199109
148 500305
559 301301
550 302500
551 404601
6661604706
1698 361809
554 306916

1408014

5556¹ 309136

557 616149
358 311363

9311481
5⁶0 353600
461 414711
1611118114

169 111161
570 324900

57¹

 

