Ι,4676 , Pars ΙΙΙ. 1077777617. ¹

777. cao„ · 7777. · 077.

3337 3403799767 ¹55¹ 3463846337
1377. 3370438348 1352 7477336308
3333 3333683367 3733 3376833777
3334 3330940334 -7334 7483309864
3333 3336733333 3333 3387833877
’ 3336 3333773376 3336 3333336336
“ ¹327 3336733783
3338 3373333333
3333 3337333383
3330 3333637000
6333 3337377633
3333 336 3366368
¹353 6868898687,
1884 6878937704
1888· 3879376878
,3336 3384637096
, 3337 7363373733
3338 3373336373
7339 3400737379
1340 4 3406704000

’3338 33333733 33
3333 3337333373

3777476000
3337008883

3336369938
6786189147 ;
6787711744
3343303733

3338833836
33677 3333737863 7
7368 4 3360798033 ’

,3337 4333863633

ρᾗθ
7363
3363
1363
1364
3365
7366

3363 3363736333 j
1370 3577373000 3
3373 3376987877 f
1342 3476893 688
1343 3433300607

33 7733383
1847 6488181617
376, 3338363736 3376
737 3333338333 3377
6338 3333336333 3378

7373 3383630848 3
1373 3388383777

3333633373
3607389 3 76

3670969633

36766637 52 ³

n·-

¹ ¹349 1474911749

3333 3363373333

1379 3633363 939
7380 3638073000

7383

7133743393947 634

 

