’ 53² Pars 11³1. CaputV 11.

1844486446.Ι 18477..’, cub,

4444 6994609444 4474 3483640444
’4446 6998446888 4476 3489506048
4443 3004685307 4473Ι 349660847
’ 6444 566694 6564 ¹474 4666564464 ;
1 3445 3047496465 4475 3409046877
6446 4665464546 6476 3665576676 ῑ
Ι4447 3049744663 3477 3666448333 7
4448 3036067396 4478 3668667356 4
6445 5646566644 6475 4645665655
4450 3048665000 · ,4480 3644796000
4434 3054936854 4484 3648367644 Ι
3064657408· 4486 3654936468 ¹
4667566677 6464 4666545567
3073 964664 4484 3668447904
308 0271375 ¹48 5 3274753123
3086666846 4486 3684379 656
3096990993 4487· 3688008003
30993 363946 4488 3694646676 f
4665745575 6465 4466654665
3446436000 4490 3307949000
4494 3344643774
4496 33646874884

3464943468

4·646554647 ¹433 3372797015
317783 544 4 ¹494 33 4666764
s 6465 44464 66575
4466 3450666696 4496 3348074936
. 6467 55764565 ¹ 6457 4454756475
6466 5665575646 6456 4466567456
6464 5676644765 ¹499 ,44666 54455
4476 ’ 3476543000 4700λ 3375000000
·· · 046

3444649665

Ι
Ι
Ι 4666555666
Ι

 

