524 81999111. Caput VII.
Rad.

961'

911
966
9⁶⁷
968
9⁶⁹
9⁷⁰
971
97²
973
974
975
991

998
979
’910
989
981
’989
984
989
989
989
988
989

99

Ι
1

1

,924010424

Cub. ⁹

887503681
890277128
893056347 999
8991149994 , 994
“ 999
999
999
998

999
1000

¹001
¹002

991
992

898632125
901428696
904231063
907039232
909853209
912673000
915498611
9183 30048

921167317 1003

. 9004

999899999 9099

929714176
932574833
935441352
⁹38313739
941192009 ! 9990
944076141 9099ι
9469669όὸ ,9099
949869087 ¹013
952‘763904 9094
955671625 1015
958585256 1016
961504803 ¹0³⁷
964430272 l 9098

1006
9007
-9008

9959969669 9099

9709919000 1020

ἶ

Rad. cab.

973242271
976191488
979146657
982107784 =
9899941199
9885047974 ’
99999099
9997099999

9979909999
9000000000

9007009009
9006099008
9009097097
9099048064
1019079 125
9098908999

9099947344
10241925 99

1009- 1027243729

Ι 1030301000

1

¹033'3 6433!
¹03⁶433728
¹039509197
1042590744
' ¹045⁶78375
10487720'96
¹05¹871913
1054977832
¹058089859
1061208000

10ss

 

