500

1046810101.ι

2461
2462
1416
2464
1416

“ “«1466

,1467

¹ 2468

2469

2470 6100900

2471

’ ᾗ2472

. 2473 Ι
24⁷4
2475
2476

. 2477

2478
2479
ι2480
2481

“ 2482
1481
2484
1486
11

· .2488

2489
2490

Pars 111. 07011, 5

6046421

6061444

6066469
6071296
6076224
6081146

60860 89
6091024
6095 961

610 4841
6110784
6114729
61206 76
6124624
6140476
1166 611
6140484
6144 441
6140400
61449 61
6110424
6164289
6170246
61741424
6180196
6184169

6190144
6194121
6200100 Ι

Ι
ι
Ι
Ι
Ι

Ι
Ι

Rad.

Qadrat.

6204081
6210064
6215c49
6220036

6224024
6240016

2491
2492 Ι
2493
2494
1496
2496 Ι
249 7 ·
2598

2499
2400

6244009
6240004
6244001
6240000
2401 6244001
2402 6260004
2503 6264009 Ι
2504 6270016
2404 6274024
2406 6280046
2407 6284049
408 6290064
2401 111408ι ¹
2410 6400100
2411 6404121
2442 Ι 6410144 4
1616 1616161
6420196
6325225
6 440246
6666181
64404 24
1616111
6340400

2514
2414
2416

207

2418 Ι
2519
2520

25u’

 

