⁴ Tabula Guborum. 5¹ 5

f· Rad. Cnb. Rad. cab.

,3 39¹ 59776471 433 Ι 74638463
392 60236288 422 75353448
= 393 63698437 433 73686967 .
: 3944 63363984 434. 76335034
, 393 63639873 433 76763633
.‘ 396 63399336 436 77398776
, 397 63379773 437 · 77834483
, 398 63344793, 438 78433733
; 399 63333399 439Ι78933389
r 400 64000000 430 79507000
‚ 401 64481201 431 {80062991
3 403. 64964808- 432 80633568
403 63433837 -433 83383733
3 404 ⁶5939264 Ι 434 83746334
3 405 66490735 435 82312875
· 406 66939436 436 83883856
÷ 437 67439343 437 83433433
1 408 67937533 438 84037673
499 68437939 439 Ι 84634339
430 68933000 440 85384000
433 69436533, 443 85766333
433 69934338 443
433 73444997 443 Ι 86938397,
434 73997944 444 87338384
433 73473373 443 88333333
’436 73993396,Ι Ι 446 88736556
437 73333733 447 89334633
438 73334633 448 89933393
439 73369939 449 93338849
430 Ι74088090 450 93335300
Kkz 453

Δ

86750888

 

