‹qu0 Pars 111. Capict VI. ’

Raed. .Qadr Rad. Qadr.

j1261 1396161 1691 1666681
16 62 1396644 1696 1669664
1393169 1693 1671849

1197696 ¹13001294 ¹ ¹674436

’ 1663
1664
· 1663
· 1666
1667
·’ 1668
“ 1169
Ἰ1676

1666163 1295 1277025
:63326013‘
1684864
1687461
1696666

1661736 1696

¹ ·97
1298
1699

1663689
1667864
1616 361
1616966
1361 1696661
1671984 1366 1693664
16663691633 1697869
1663676 1364 1766416
16 6 3663 , 1363 176 3663
1668176 1366 · 1763636
1636769 1367 1768649
16 33684 1368 1716864
1633841 1369 1713481

1676
1673
1674
¹275
1676
Ι1177
,1678
11679
1186 1638466 ¹ 13161 1716166

ι

1

1,,
1271 1 5441

1681 1646961 1311 1718761 Ῑ
1686 16433641316 1761344

1283 1646689
1684 1648636 1314 ¹ 1726596
‘1285 ¹ 1631663 1 1313 1 1769613

1111 1713969 ‘

''1286 ¹65379⁶ ι516417318ςὸ
1687 1636369 1317 1734489

1688 ¹ 1638944
1661361

1664166

1318 1737164

¹3¹⁹ 1719761

1366 1746466
’1311

1689
1196

 

