Tabula Qadratorum. 4711

’ . Rad„ Qadr‘.¹

1151 1515461

1141 1517814

.. ¹²33 1510189
1104 2' 1234 1511756
1105 1451015 1155 1515115
1206 1414416 1116 1117616
‘- 1107 1456849 Ι1157 1550169
1108 1459264 1158 ,1551644 -
, 1109 1461681 1239
1110
1111

1555111

146410 0 1140 1557600Ι

1466511 1141 1540081
1111 1468944 1141 1541564·
1²¹3 Ῑ476369 1243 ι5450669
1114 4511471716 1144 1147116
Ι1115 1476115 1145 ,1550015
1116
1117
1118
1119

1478656 1146 1551516
1481089 1147 Ι 1555005)Ι
1461 1114 1146 1117114
1485 961 1149 , 1560001

1110 1488400 1150 1561500

1111 1490841 1151 ., 1565001
. 1111 1495184Ι 1151 1567504
¹223 ¹495729 1253 Ῑ570009
1114 Ι 1498176 1154 1571516
1115 1500615 1155 157 5015
,1116 4 1565076 1156 1577546Ι
Α 1117 1505519Ι 1157 1580049
1118 1507984 1158 1581564
1119 1510441 1159 1585081
1140 ¹5¹2900 1160 45876οο
“ 1164

 

