484. Pars ΙΙΙ. Caput VI.

,Rad. 9244445447. Rad.. Quadra.

4504 . 4453004 ’ 4534 4343964
4504 4456004 4534 4347044
4503 4459009 4533 54350089
4504 4464046 4534 2353156
44 4454 v1332 4444
¹507 2271049 4447 4564464
1508 2274064 4448 4464444
4509 4477084 4539 4368 544
4540 4480400 Υ4540 4374600

4544 4483444Δ 4544 4374684

4544 2'286144 1542 1477714
4543 4489469 · 4545
4544 4494496 1544
4444 Ι 4444444 Ι 4444 Ι

4380849
4484946
,4414444
, 4546 4390446

4547 4304489 4547 Ι 4393409

4498456 4546

4548 4304444 ’ 4548 4396304
ι444 4444444 , 4444 4444444
, 4540 23 40400Ι 4550 . 4404500
, 1511 1444444 ' 1551' 4405604

1 4544 A 4346484 = ’4554 - 2408704

1523 4444444 4444 5 2411809

1524 1311576 ¹554 1414916
1515 1515615 ’ 1555 2418025
4546 4348676 Ι 4556 4444436
1517 2331729. 1557 4444449
1523 Ι 4444414- 4441 4444464
, ¹529 2537841· 1559 ·. 2430481
¹530 ²340900· 1560 4433600
. ’ · · 4564

 

