716Ι 89011111 Caput VII. '
1111. cab( 1114( cub.

1081 ’1167114441 Ἰ 1111 1771770071
1081 6’1166717768 1111 1777070918 ·
1087 1170178787 · 1111 1778749897
1084 1177760704 1114 1 9781469744
’- 1087, 1177189117. 1117 1786197877 =
1086 1180814070 1110 1789918896
1087 1 1184707707 -, 1117 1797668617
1088 1187917471 1118 1497417071
1089 1191467969 1119 1401168179 ¹
1090 1197019000 1110 1404918000 4
1091 1198196171 1111 1408694701
1092

· 1093

1701170688 1111 1411467848 ’
1301711117 1117 1416147867
1097 17119331117 1417818117
1096
1097
1098

1099

1716771776 1116 1417618776 ³
1320139673 Ι 7
1711711191 1118 ’1411149111 ¹
1327373299 1119 1479069689
71170 1441897000 ,
1171 1446771091
1171 1470771968 ’
41 1177 1474419677

1114 1418174104 ¹

1094 ἱ 1709778784 1124 1410074614 ’

1117 Ι 1411471181 =

1100 1771000000

f 1101 1774617701
1101 1778177108
1107 1741919717

’ 1104 17477,71804
1101 1149111611 1111 1461111171

, 1106 17 71899016 1176 1466007476
1107 173767 71047 1177 1469878777

1108 Ι 1760171711 1178 1477760071
1109 1161918019 1119 1477648619
1110 7167671000 1140 1481744000

1141

 

