Tabula Qadratorum. 511

1 3333. cab. 343. cab.

3 3333 3443933 181 3939743
f ¹..52 3511808 182 6028508
3 333 3383377- ,389 3338487
ι, 334 3693364 384 6339904
² 333 3733873 383 63 3633
1 156 3796436 389 6494896
. 397 4869899 387 6999304
· 398 3944333 388 6644677.
399 46 39679 389 6793 369
360 4096000 390 6899060
3 363 4379383 393 6967873
363 4393938 , 393 7077888
¹ 363 4336747 ., 333 73893337
364 4436944 394 73013384
363 3493333 393 7434873
4374336 396 73393 36 ’
397 7643379
198 77623 93 .
399 '⁷ 7880 99
, 200 8000000

17¹ ’ 9066333 303 8330603
172 8083648 202 8343408
‘ 373 3377737 203 896 9437
. 374 Ι 33 68034 ’ 304 84896643
373 3339373 369 8 8639339
376 ¹554 3433776 306 8743636
8869743

3849793 008 8998933.
5735339 , 9129329
5832000 Ι, 9363000.
“ 211

378
379
386

¹77 448888 ²07

 

