- ....ὟΨ..

Tabul a lQadratorum'¹ 479

³ Rad. Qud Ra'd. Qad. Rad. Qud:
55966764· 969 999κ999 999 98998Ι
932868624 969 999444 999 984964
933 870489 963 9673 369 993 966049
934 8757 964 699996 994 988036
. 8381351 995 990085

937084

459969 83 8961
940 883 600 970 940900 1000 1000000
941 885481 971 942841 1001 9009009
- 942 887 364 972 944784 7009 1004004
43889249 973 9346729 10031006009
944 Um& 1974 948676111004 9008096

99 949 {⁷⁵ 44⁶4 ’,991994
9171898 8899 977 7649999319 99971 1011015

9481898794 9781996444 5009 5050095

9491 900601 979 958 441 1009 9058089
50 904500 9601960400 10101020100
951 904407 968 962361 ἰὸιι 7099999
9'52 906304 98² 964364 4019 102'4144

953908209 983 966289 ¹0¹3 1026169

999 999999 989 979999 1015
9569198697219( 1016

957 999849 98 7 974969 5057

10330'225
103 22 56

1034289

998 9¹7764 988 976944 5059 1036 5955 ·

9999 999689 989 978121 5055 103113361
960 968600 990 980100 14090 9040400

. 1021

, 9'54910116 984 968256 0402896

 

