496 Ῥ411ΙΙΙ. Caput'VI.

Rad. ‚Quadrat Rad. Quam.

1891 3575881 7
1862 4 1891 3479664 8
1864 1891 1348 449 s
, 1864 1894 35837236 ¹
1864 1891 3591025
1866 4, 1896 3494816

. 1897 1191199

1898 9691494

’ ,1899 9693991

’1999 4619999

’1901 9619891

¹90² 3617604

1903 1611469

· 1904 9611116

-1905 3629025

1906 ’ 3641846

1997 3646649

1908 4649461

. 1909 ’ 3644181

1910 9648199

1911 3651921

1911, 4611744

1913ι 4619169
s 19¹4 3663396
1911 Ι 166714
1916 3671056 1
3674889 1
1918

1917
3678724
1919 Ι 168411

4

1920 · 3686400

,1611

 

