’468 Pars l Ῑ Ῑ Caput V 1
Rad. Qud. Rad Qud. Rad. Qud.

130601 331 809361 361 130331
91304 333 130334 363 131044
91800 4 333 4911111111 ·
9²3¹6 334 3⁶4 ¹32496
93033 333 113333 133333 1
93636 336 113896 366 333936
- 337 111169 3⁶⁷ 111189

· , 338 114244'36 68 133434

110889
113316

339 ¹¹4921 369 136131
’ 340 133600 310 ¹3690⁰
97394 342' 116964 373 1331371

97969 343 Ι·““879119 3⁷3

341 116381 371 139641
4199119

914 11-’8131 173 1101176
4899113 345 119013 311 140613

90811 136 119111 9711111116

347 120409 377 143139

348 131104 378 143884

319 103761 349 331801 319 143641
320 102400 3ςο 1333οο · 80 144400
331 333 03 381 143161
322 101184 352 111904 981 14196
333 304339 3334134609 4 383 146689
334 104976 334 33 316 384 147436
333 303633 3136033 383 148333
326 106376 1367361386 148996
911111691οΙ 31118114198187 149119
338 107584' 338 318164 388 130344
339 108341 3· 91388831389 ¹5 3²¹
330 108900 380 139600 390 133100

391

 

