-. 508 Pars-III. Caput VI.

Rad- 9277772727. “ Rad. Qadrat.

2947 ,8649484 2971 8826847
2942 8697364· ·2972 8832784
²943 8661249 2973 8838629

κ 2944 8667136 2974 8844676
2945 8673025 2975 ¹ '8850625

, 2946 8678906 2976 8946976
2947.. 8684809 2977 8862929

2948 8690704 2978 8868484
2949 8696601 2979 8874447
2999 87029 00 298 9 888 89499
295¹ 2987
295² . 2982
2984

8889 3⁶1
88923 24
8898289
Ι2984 8994246
8976796
8922769

4 8777976 2986
,Α 29 57 8⁷43849 2987
2998 8749764 2988 8928744
29 59 875 5681 2989 8994727
2969 8767699 2999 8949799
2961 , 8767522 2992 8946987
, 29⁶2 8773444
2964 878 9296 2994 8964976
2965 8791225 2995 8970025
2966 8797796 2996 8976976
29 67 8807089 ²997 8982909
2968 8899994 Ι 2998 Ι 8988994
2969 8874967 2999 8994997
2970 - 8829999 300⁰ 9999999

cna

8532025 2989 Ι 8979224

2992 899295 4
²9⁹3 8⁹58049

 

