T abula Qadratorum ‚ 471

Rad· ,6211116 Rad Qud 1366681116.-

601361101 631 398161 ,
601361404 631 399 9414
603 363609 633 400689
3 ⁶04 364616 614 401914
330613 603 366013 633 403113
606 3673234 - ⁶3⁶ 404496,
661 368449 631Χ 491169
608 369664 638 407944
609 370881 639 408311
610 371100 640 409600
611373311 641 410881
6113141414 641 411164 .
613 371769 643 413449
, 614 316996 644 414116ν
613 378111 643 416013
616 319416 696 417316
6173 388069 647 418609
618 381914
619 383161
610 384409 688

611 3868848 652

, 613 388119

194 311836 6143 819316 884
’ 1918 83340138 613 3906138 633
“ 19613331168616 3918761688 430336
119183164998618183938119 657 431649
z 598 73604 618 394384 638,Ι 431964
1 599 818801 6493916611 639 8434181
1 600 360000 630 396900 660 84336οο

611 381641 631· 131183ςὲ1

· (886 661

 

