1164
1169
1166
1167
1168
1169
1170
1171

η71

7 1173

¹ 1114
. 12⁷5

} 1276
1 1277

’ 1178

ἶ, 1119
3 1280
: 1181
9 1181
5 1283

4 1184
, 1189
7 1186

4 1187·
i 1188

4

1189
1290

Ι
ἱ

1119411144
1014184619
1019089096
1093901169
1098710831
1043948109
1048389000
20 ss225511
883483
’1161198814
2072671875
2077552576
2082440933
208733 6911
1091140699
1097191000
1101071041
1196997718
1111931187
111687439 4
1111814119
1116781696
1111146911
1196719871
1141700969
1146689000

Ι
Ι
Ι
Ι
Ι

· ⁴ ’119

’ ;1191689171
’ “ “ 4 1196689088

1161700797
1166710184

¹²95·
1196· 1176781996
1197
1198
¹299
1900
1901
1901
1903

1181819079
-1186879991
1191911899
1197000000
1ωωῃ9ω
1107199608
1111149117

1904 1117941464 ·

1909 1111447619
1906 1117960616

1907 1191681449

1908 1197810111 '‘

1309 Ι 1141946619
1910 1148091000
1911 1199149191
1911 1198409918
¹3¹3 1169971197
1114 1161141144
1114 1111911111
191

1917 1184911019
1918 1189919491

¹3¹9 2294744759
1320 2299968000

1179111496

11. ,1111 „

 

1111141111 ,’ ’

