3 6 376 ’ 646636

Tabual Cuborum · . 309
Cap, Vll.

. Tabula Caberam. ’ -
1734633. Rad 6331737, Cub

1 7 37 39797 67 226981
32768 63 238

27 35937 250047

63 374633
66 287 496

67 300763

773 33 33873

2
· 733 63 33363 335¹ 63 767733 ,
3

37 3663 33
8 373 34873

773 33 33373 83 328 09 ‚

¹0 1000 40 64000 0433000
¹1331 41 68377 7337977

1·7738 43 74088 72733248 .

· ,ΞΙ 7737 33 73367 73 383377
7733 33 83783 74 40522'4
97733
76 4098
49¹3 47 803873
48 876393
86833 33 777633
20 8000 50 125000 80
21 6767 37 737637 337337
²210648 33 740008 83 337308
' 3¹2167 ¹ 33738877 1Ξ1383 377787
3874 33 737464
25 ΞΞῬ173673 ¹5 5¹16, 6 ,74 ¹}
26 77376 36 773676
79683

37· 57 1855193
38 1819Ή

1381· 7937731 188 768473
39 ²053 537⁹ ’83 733369
60 376000 901739000

91

73 83
37000

29
30

A-

 

