. 27'23

” '2725

. '504
· Rad. Qadrat.

27t>1

4704

2703 Ι
4704
4763
2706
Ι4707

47848 ¹3
2709
27 ¹0

7295401
7300804
7306209
7418646
7317025
7848486

7327849

733 3464
7338681

73 344464
27 11
¹77¹ 2
·27¹ 3
2714
27 2¹5
4,74 6
27 ¹7
27¹8
27¹ 9 Ι

’ 4·74,0

4744
4744 l

64044
7360369
7363746
7371225
7376636
73 84084
7387344
7344 464
7348464
7443844
7404484
7444744
7420876
7425625
4746 7483076
4747 7436344
4748 Ι

2⁶7²4

7441984
2729 ’
4730

7447444
7434900

¹
Ι
Ι

‘Pars 111. caput V 1.

784988ι ’

Rad. ζ64444604.

7438364
7463844
7464484
7474746
748004
7483646
7444464
7496644
7502121
7507600
7513081
7348364
7844044
7344336
7888048
7840816
7ς46009
7334364 7

2731
2732 .
2733
2734
2735
2736
2737
2738
2739
2740
4744
4744
2743
2744
2745
2746
8747
2748
2749
7750
2751
7752

' 7562500
* 7568001

7878804
7www
7884846
7890048
7344336
7604044
7606464
7644084
7647600

2753
2754

2755 Ι
2756
8787
2758

275 9
4760

4764

 

7557001 4

