· 466 ParsIII. CaputVl.
ΜΜΜ.ΜΜΜ
1111114641 ’1ςι 11801 181ι31761

1
1

181 33114

14884
13119

111
113
114

*537⁶
125 11613
116 11876
117 16119
119816641 ι

132 17414
131 17689
134 17116
13ς 18114
136 18496
137 18769

118 16334
130 16900
131, 17161

138 19044
¹3⁹ *932¹
140 19600 . 1 N
· 141 19881 171 19141 101 40401
’ 1711 29584 202 40804
¹73 19919 203 41109
Ι 174 30276 104 41616
’ · 113 30613 205 41013
176 30976 106 Ι 41436
111 31329 207 42849
¹78 31684 208, 43264

' 14111101 179 31041 109 43681

,110 ¹²250'0 180 31400 110 44100

211

 

