Tabula Quadratorum· 46 5 Ι
047661114818118777 9816764764.

 Rad Quad Rad. Quad. Rad9 Q1ad.

1 1 3119 961 61 3711 48281
2 4 31 9014 61 3844Ι9118464
9 33 1089 6333969193 8649
6434115664 918116
149231369113 65 9093 9
36 36 9196 664 696 9196
17 069 97 4489 97
38 1444 68 4614 98

9609
64 9604
9809
10000
10101
10404
5329 103 10409 -

39 1521 69 4761 99
90 100 40 9600 70 4900 900
11 121 41 968 71604111091
12 164 46 1764 71 61841101

3169 43 1849 73
1476 10610816

36131108 11016
37761106 11136

14 196 661936 74
15 225 45 2025 75
961 256 46 1196 76

17 119 47 2209 77 9919 ¹07 11449
’ 98 324 48 23⁰4 78 608410811664
99 369 49 1401 79 6141 109 119881
90 400 30 2500 80 6400 110· 91900
19 649 51 1601 81 6561 111 11311, ’
22 4⁸4 9111704181 6714 ¹¹² ¹2544
28 09 83 368891 113 91769Ι “
2956 84 7096 114 91966ι
3031 85 71131116 13225
26 676, 96 393 36 86 7396 996 ,Μῴ
27 7²9 57 3249 87 7169 117 ¹388?
28 7⁸6 58 33 3648 87744 998 ¹3924
29 841 59 3841 89 79 919 199 14161
30 910 60 3600 908900 110 ¹44⁰0

G8 111

14 176 51
25 625

²3 529 534284

 

