Tabula Cuborum. ’ , 51⁸7

, Rad. Cub.

555 555455855 ’
51 2 554557758
5¹3 ¹35005⁶97
514 ¹3579⁶744
· 515 158551855 ,
5 16 137388096
51 7¹· 558588455
55 8 138991832 4
51541 15558555 ·
52 0 540608000
55 5 Ι 545450765
555 545556648
51 3 143055667
55 4 545877854
144703115
155551556
546565585
147197958
54805 5889
54887700 0

5² 7
5 58
5119
53 0
53 1

5154
55.6

1497118 91
550568768 46
151419437
152273 3304
153130375
1555511856
154654153
555750875
156590819
157464000

555
555
558
537

55 9
5140

{⁵4¹1
54 1
54 3

Rad. = cab.

158340421
559550088
160103007

544 160989184
54 5
54 6
547
548
549
5'50
551 1
558
55 3
55 4

162771336
163667323
164566592
¹⁶54⁶9¹49

567584555
568596608
169u2377

55 6 4 575879656
55 7

55 8 173 5745555

555 1551158855 ·
560 57565600οι

56 1 4 576558485
56 5 577504558
564·
56 5
56 6
5⁶··7

56 8 4

579406544
580565555

585555495ῐ
585 584565
5855550455
56 9 584550009
57 0 585505000

sik 3 571

565878655 “

57005 5464Ι
555 1 ¹70953875

172808693 x

¹78453547 x

Δ566575000 .

Δ

 

