' 304 92416 334

’311 ‘Pars 111. 01911111.

11119111111196111. 1111141111. ἐ

,3⁰¹ 90601331 809361 361 130311
302 91164 331 110114 362 831014
303 93809 333 110889 361 131769
111136 164 131116
161 11111. 111 111111 161 111111
306 93636 336 111896 366 133936
111 11111 117. 111111 161 111681
168 118111 118 111141 168 111111
111 11111Ι 111 111111 169 116111
310· 96100 340 111666 370 136966Ι
Δ 311’ 96721 341 116181 371 13764ιὲ
311 97394 347. 116964 3718138384
97161 343 1¹7649' 119119

344 1318336.x139876

11816 116 111716 1761111116
106489 347 120409 3771114119
101114 348 111104 378 141884

319 101761349 111801 379 143641
370 102400 350 111300· 380 144400
311 1030131311 113101 381 143161
111 101684 111 ¹23904 3⁸2 141111
111 111111 111 111661 181 111181
314 104176 314 11316 384 ¹4745⁶
325 10 625 383 116013 381 148313
3161106176 166736 Ι386 148996

3271'5106929 8ῗ68879818744981537 ι189769

899813 345 119013 3718110613

318 107 84 358 168164 388 1304144
329 108'241 319118881389 ¹5¹32¹
330 108966 366 119606· 390 111106

391

 

