.6“'0

673 Pars ΙΙΙ. CapuiVJ.

Rad. Qud. Rad. Qud. Rad.. Qad.

661 43⁶9²¹ 6934777183, 721 519841
662 433344 693 478864 733 333384
663 339369 693 363339 733 333733
664 446376 694 433636 734 374373
,663 333333 693 363333 733 5-25625
’666 443336 696 434436 736
667 443669 697 363669 737 33367
6434446334 4 698 437664 72⁸ 939964

5 27076

⁶09 447561 699 366663 739 531441
446963 733 493333 733 333963
67¹ 45021 7⁰1491.40¹ 73¹ 534361
776 7361 17 1361

433939 733 694339 733 337383
474 434376 704 393633· 734 538756
6734457633 4 705 477033 5540225

7⁰6 498¹436 ’7746 343696

436976
737 499639 737 343369

436339
. 3333664 ⁷08 501264 6343633
’ 179 463643 709 502681 ,7 9546121
640 462400 710 504100 740 547600
43144 463763 4 711 505521 74¹ 549081

676
677

333 463334 ⁷12 336933 733 336363 ⁷
⁶33 466369 713 336369 733 333633
6944467667 733 309796 743 333336
313 369333 73 333333 793 333633
6634473 96 736 333636 4 736 336336
1337 473969 737 334363 3474336667
4934373344 73933 33334 346 339363

696

474733 7¹9 336963 7433 363663
476366 720 333433 750 562500

751 ἕ

 

