’ ¹999

⁸ 2009 4036081

· 492 Pars III. Cap. VI.
Μ· Qadrat. Rad. Quadrat.

1981 3924361 2011 4044000
1982 3923324 Ι 20¹² Ι 4043144 3
1983 3932289 2013 4090069
1984 3936256 2014 4056} 96 ’
“ 1985 9940000 2015 4060225
1986 3944196 0006 4064096
1987 3948069 0007 4068089
0988 3952144 Ι 0003 4070404
0989 3956121 0009 4076361
0990 3960000 ¹ 2020 4080400
0990 ,3964080 - 0000 4084440
1992 Ι 3968064 2022 1 4083484
1993 4092529
4096576
0009 · 4100625

3970049 2⁰23

¹995 3980025
, ¹996 3984016 2026 4¹⁰4⁶7⁶
¹99⁷ 3983009 2027 4008709

0998 ¹ 3992004 · 2028 4000784

1990 3976036 Ι 2024

3996000 0009 4006840
9000 ,4000000 2030 4000900
0000 4004000 2031 4124961
2002 Ι 4008004 Ι 0000 4009004
2003 4010009 2033 4133089

2904 4006006 20 4 413715 6
2008 4000008 2035 4¹41225
2c06 4 4024036 4 2036 4¹4529⁶
2007 4008049 203⁷ 4049469
2008 4032064 2038 4¹53444
2039 4097900

0000 4040000 2040 4161600

0040

 

