528 Pars ΙΙΙ. CaputV 11 .

. Rad. Cub Rad .

1201 1 1751515601 1865409591 εῃύι

Ι 1151 Ι 1869959168 ¹
1203 ,1740992427 1111 1674116117
1104 1745157664 14251114 61884188789039994

11011 1756654408 1231

1205 1749690115 1235 5651675
. 1106 1754049816 1888151156

1107 1758416745 1391819953

1117

1158 1897415171

1208 1761790911

1109
1110

1767171519 1901014919

1771561000 1906614000 ,

1140
1111

1111

1775956931 1241 1911140511 1

1780560118 1141 19153644831

1111 1784771497 1141 1911491917
1796155 575 1145 1919781115 5
17980435696 1146 1914414916 ¹
1802485313 1147 1959096115
1806951151 . 1148 1945764991

1115
1116
1117
1118
1811586459 1149 1948441149
1815848000 1150 1955115000
1810516861 1151 1957816151

1219
1110
’1111
1111 1814795048 1151 1961515008
1115 1819176567 1155 1967111177
14114 18> 767414 1194 1971911164
111511851865615 1155 1976656575
’ 1116 1841771176 1561198158116
1227 Ι 1847184085 1157 1986111595
1118 1851804551 1158 1990865511
1229 ¹856331989 ¹259 1995616979
1150 1860867000 1160 1000576000.

- ,— “ ’ 1161

1114 ἰ 1789188144 1144 1911114784

 

