’ 1442

Tabula Quadratorum.
*Qadn Rad. Qadr.·

Rad.
·¹44¹ 1076481
1081149
1085116
1088015
1090916
2093 809
2096704
1099601

1443
1444
1445
1446
1447
1448

1101910
1105401
u08304
2111209

'3 t 1114116
1117015

109956 “

411849
11157614
1118681
11916011

1134511
1147444
1140369
1145196
1146115
1149156
- 1467 1151089
1468 11155014
1469 Ι 1157961
1470Ὶ 1160900

1464
¹4⁶5

1119464γ

1

1

4

’ 1478

, 481

1164841“
1166784

1471

1472.

1473 1169719
1474
1475 “
1476

1477 4

1175615
1178576
1181519Χ
1184484 ,
1187441
1190400
1193361 ι
1196514 ᾖ

1479
1480
1481
1481

. 1483 1199689

1484 1101156

1485 1105115 ⁴ ¹

1486 Ι1108196 ·
1487 ,1111169
1488 1114144
1489 1117111
1490· 1110100
1491 1115081
1491 1116064·,
¹493 11190494
1494 1131056
1495 1135015
1496 1158016

1141009ι
’1144004
1499 1147001
1500 1150000 “

kib 11501 ’

1497
1498

 

, 1171676 ,

