502 Pars III. Caput V 1.

Rad. Qadrat. Rad. Qadrat.
6662562 ¹· 2611 -6827722

4¹ 6666724 2622 6822544

’ 2613 6827769

2624 6872996

2625 6878225

Ἅι 2626 6847456
2627 6848689

¹ 2618 6857924
2629 6859262

2620 6864400

2622 6869642

2622 6874884

2627 6880229

2624 6885776

2625 6890625

· 2626 6895876

2627 6902229

2628, 6906784

2629 6922642

2670 6926900

,2672 ι6922262

2672 6927424

6775609 2677 6972689
6780826 2674 · 6977956

¹ 6786026 2635 6947225

· 260
2606
2607 4
2608 ¹ 6802664 ¹ 2678 , 6959044 7

6791235 2676 6948469 ’
6296242 Ι 2⁶⁴7 ⁶953796 2

68068821
6822200

2609
2620

2679 ¹ 6964722
2640 6969600
2642

 

Q

