· Τ abula Quadratorum. Ι 467
Rad. Qud. 1&anAE Rad Quod.

717 44471 741 48081 771 73441
,777 44944 747 484 94 777 73984
213 453 99 243 Ις 49049 ΙΙ
244 59536

777 79979,
274
714 49774 744 90074 774
246 90419Ι 776
747 91009Ι 277
248 97404 778
779 47991 749 97001 779
770 48400 740 97400 780

’771 48841 ΙΉ 93001 281

216
. 2¹7

. 214 45796
¹458 46656
47089
²¹⁸ 47524
77841
78400
8991
222 49784 747 934 04 787
22 3 49729 94009 789

224 40179 94476 784 8

225 48974 88028 w!
226 41079 748
777 71770 88048Ι 287
778 77984 748 99494
779 47441 749 9 7087 789
250 47900 790 67900 790 84100
731 43497 791 98171 797 84981
².³² 53824 Ι 797Ι 98944 797 44794
89849
{⁶436
87025
87918
88709
88804
89401
90000

83521

542 04 793 99799

23317Ι447416ΙΙ794 69099 293

Ι 294
²35 55225 265 Ι70228 794
’ 736 14999Ι 799170749
237 49199 7978 77789
778 46944Ι 798 Ι77 874
739 47171 799Ι 77391 68Ι
740 4790οΙ 770 77900

799
797

301

 

78076 ’ ’

