Tabula (3777077777. 513

7777. cub. . 7777, cua

77 7 799073 77 301 27270901
777 70773948 1 397 77343608,
773 7ο346477 303 77878777
= ²74 70370874 394 78094464
’ ²75 ²079⁶875 3⁰5
1 276 21024576 1

8777877 .
306 78637676
1 278
²79 77777679 799
’ 780 77937000 310
787 77788047 311

292181 77
79797679

77484937

79797000
30080737

787 77473768 377 30377378
1, Ι783 77663787 313 30664797
’ ²84 232906 304 30959144
γ 787 77749777 3¹5 31255875
κ 786 77797676 3¹6 31554496
7 787777679997Ι 3¹7 31855013
, 788 73887877
r ²89 24137569 3¹9
. ’90 74389000
, 797 74647777 377
1 797 74897088 1323 377

777 1 77777977 797 8ἶ31 78974447

3215 74

32461759
37768000
33076 76 7
77786748

x 25153757 77698767
294 73477784 324 34077774 =
797 77677777 325 34328125
796 77974776 776 74647976 ’
2⁹7 26198073 327 ¹ 74967787
²98 26463592 1778 77787777

’ 799 26730899 3²9 33677789
300 77000700 3 30 35937000

Kk 337

 

