Tabula Qadtatorub. Ι 505
. Rad. “Qadraa Rad. JQadrat.

27 61 7697191 9791 7789681
27‘52 ¹ 7628644 9799 ¹ 7797964
97 67 767 4169 9797 7800849
Δ 9764 7619696 ι 9794 ,7806476
9761 7641991

, 9766 7670776
9767 79089
97’68 7661894
“9769 7667361
9770 7679709

· 97171
’ 2772
2773

2795 7819097
9796 7817616
0797 7897909 ’
0798 7898804
0799 7874401 · J
1300 7840000
98617847601
9809 , 7851204 ’

76397 529 ¹ 2803 7856809 .

7678141
76 81984

2804 78694ι6
2805 7868097 “
0806 7871616
0807 7879949

,2⁷75
9776

.2777

7700697
7706176
7711799
771798
7799841
7798400 ·
7711961

9808 ¹ 7884864
9809 7870481
9810 7896100 ’

9811 7901721

2812 4¹ 7907344 .
9817

7719194
7741 1089
7710616
Ι·7776107
, 278⁶¹ 7761791

9774 ¹ 7695076

7912969

7 7918796 .
9817 7914107

0316 7929856
9817 7935489 ·
0313 ¹ 7941124 '
2819 7946761 - .
28²0 7919400

1¹ 5 . 9891

 

