516 Pars ΙΙΙ. Caput VH.

Rad. cub. Rad. Cab.

451 9¹73 77877 487 7777846777
452 1 97747408 482 Ι 777980768

453 92959677 487 7776787787

45 4 935 576564 484 777779904 7
477 94996777 477 114084125 Ι
45 6 94878 876 486 114791256 4

457 97447997Ι 467 Ιι7799794 ἴ
458 96071912 488 776774777 1
459 9⁶702579 489 ΙΙ6949969

46 o 97776000 490 117649 000

467 97977787 ,49¹ 118370771 7
6 2 986 77778 492 77909 7488

467 99977847 493 Η9697777

,464 99897744 «494 999777764

467 ι99744647 497 12'287375

466 7077977969 496 77707 79 76

467 ι97847767 477 122763473

· 468 707707777 4-98 123505992

469 70 7767709 499 7747774977

47 0 707877 000 500 125000000

471 104487111 501 125751501
47 2 105154048 502 126506008
,47 7 7078778 77 707 7777677 77
474 106496424 504 7780740 64
475 707777877 505 128787625
476 7078707 76 706 7797747 76
477 19677477 ;7·97 49797847

478 109215 777- ἱςο8“ 5 ¹3¹09⁶5¹²

479 99999439 509131872229

480 770797000 5‘510132651000

777

 

