Tabula Qadratorum. 487 ··

Rad. ι,ὄζειαείιιι4 Rad. Qadrat

4684 ι· 4845764 4744 4947544.
4684 ¹28 4849444

,4685 ’54489 4745 - 4954569 ,

4685 4859445
4686 4844 596
4687 4845969
1⁶88 Ζ844444
- 4689 4854 744 4749
4690 485 6400 474 0

4694 1 4859484 1 4744

4746 ·5649446
4747 4948089
4748 ¹ 4954544

2954961

. 46844 4855856 ¹3 4744 4957796

4694 . 4864864 ,ζ 474 4 4965484,
4695 4866449 4745 49687 49
4694 4869656 4744 4974476

, ‘¹⁶95 4875045 4745 4975645

’ 4699 4886604

4696 48 76446 4746 4979076
4697 4879809 4747 ’ 4984549
4698 4885404 1 4748 4985984
¹729 2989441
4700 , 4890000 4750 4994900
4704 ,4895404 4754 · 4996564
4704 4896804 1 475 54 1 4999844 .
1703 2900209 4744 ,4004484 .
4704 4905646 15 4754 44 5006756

4705 4 4907045 4755
494046

4706 4756
707¹ 4945849 1 4757
4708 4947464 4758 ¹ 3020644
’.4709 4949684 4759 5044444
47401 4944400 Ι 47491114 ¹74¹

50404 45
56456 96
50474 69

 

4744 4950944 ⁵ .

4745 4944445 “

4958400 -
4964844 ,

50476 oo “ ,

