¹ 2883

’ *Tabula'Qadratum 507

Rad. Qadrizt. 1477777677. ,

7887 8700767

7887 8707974·

29¹1 8477777
2912 ι 8477744

8487 767
· 47714 8477777
8497225

2913
2884
7887

87 147 24
8770767
8776400

8777747

2919

Um( 2920
Q} 2921
7977
ᾳ ὶ 2923

853 8084
8747777
2924 4877776
2925 l 8777647
7776
2927
292⁹ 8777747
8784900
770761
tl& 8596624
8⁶02489
Ι , 8608 356
2905 8 477077 797Ξ 8674777
7706 8444876 8670076
²907 8470647 ³ 867 767
2908 8456464 7778 Ι 8677844
,2909 , 8467787 7777 8637721
7970 Ι ,8468700 7940 8647600

2940

2930
7971

2933

m056'
8708889

8767476 ’
8767777 1
Μ784 “

 

