’ 870 777900 880

474 ” 71744 777. caput 77.

7477 9477. 7477. Qu Rad. ,17477

847 707787 871 758641. 901 877801
847 708964 872 760384 902 813604
849 711649 873 761119 969 819499
844 712336 874 763876 904 877776
849 714619 879 769619 919 819919
846 717776 876 7673 76 906
847 717419 87769
848 ⁷¹9o8⁰4 87877084
849 7208 07 9777647

870896
877649

908 874464

769 ¹29 907
Ι 909 876787

774400 970 878700 ,

852 7²5904 777944 9111191744
8991717698 779689 919 989 969
8941719916 884¹ 781496 Ι 914 899996
899 791619 889 789911 919 897119
896 791796 886 784996

87 7944491 887 786769
888 788544 34 978 847774 ,

976 899096
977 840889

851 724201 ΞΞ7>7767867 911 877199

’89 7836164

859 7378818 93790 77 979 844967 1
860 739600 8904 797700 9704846400 ;
867 7413 32¹ 891 797887 977 848747
861 749144 891 799664 911 891684
863 7447698 93 797449 919 851929
864 746496 894 799196 914 899776
865 748225 895 8010 25 925 855625
866 749956 896 807876 976 857476
867 751689 897 804609 977 859329
868 753424 898 806404 978 867784
869 755161899 808707 979 869047
870 796900 900 870000 930 864906 9

93¹

 

