,¹ 767

Tabula Quadratorum. 474

7²Rad. Qud Rad Qud. Rad. Qud

., 75¹ 5640017 7871609987 811 637771

75² 565505 782 611914 ¹² 699344

3 799 967669 78
5: 754 5⁶85¹6
5 755 570025
]·: 796 971936 786 617796
’797 5⁷5049 787 619369
.· 798 574564 8⁶20954
7 759 576081 789 677377 879 670767
7¹ 760 377600 790 674700 870 673400
7¹ 7557579125‘7 797 67 687 877 67404

784
783 676779 877 664773
876 663868
⁸¹7 667489
878 669774

ζ’ 555 888888
’3. 704 583696 794 636436 874 678376
763 989777 797 637679 873 680673
7 766 386796 796 633676 876 687776
767 588989 797 639769 8676
, 768 389874 798 636804
7 769 591361 799 648407
' ,770 991999 806 640000 836 688900
7 771 594441 89¹ 641661 8316903ύί
, 777 19984 801 ⁶43204 8332 69222'4
773. 97 ²9 803 644869 833 693883
774 999676 8644646416 894 699996

793 698849 523 ⁶773²⁹

775 600625 8⁰5
776 607176 806
777 663719 897 691149 8777 766993
7788603784 898163786483 8831707744

773160984111991694481 835 70 307
301 60 400

649636 836 6388 834

(3⁰ 33 ’847

797 677764 877 673684 ⁸

548025 839 697799·

6730891873 660969 ’
674636 75 814 662596

⁸¹016556500 840 703666 ,

An

 

