¹ T abula Caberam 1 ’ 525
'ud 7, Cub.

1160911161ιῇ ’
1161111608-

1167171877

1011 1064111161
1011 1067461618
1011 1070190167
1014 1071741814
1011 1076800601
1016 1080011176

1011
1011
1053
1055 1171111171
1177181616
1180911191
1184187111

1016
1017 1081706681 8 1017
1018 1086171911 1018
1187648179
1060 1191016000
1061 1194189981
1011 1009104768 ΙΙ 1061 1197770118
1011 1101101917 1063 1101117047, ’
,1014 1101107101 1061 1101110141
, 1019 1108717875 1065 1207959625
1016 1111911616 1066 1111111196
1017 ’1111117611 1067 1111767761 ‘
1018 1118186871 Ι 1068 1118186111 “

1029 10 80117180
1010 1091717000
109191911791

1011 Mb} 1170901461Ι

1019 1111611119 ’ 1069 1111611101
1010 1114861000 . 1070 1111011000 .
, 1011 1118111911 1071 1118180911
1 1011 111111166088 ¹ 1071 1111911118
1041 1114616197 1071 1811176017
’ 1044 11178911841071 1118811111
ᾗ 10418 1141166111 1071 1111196871
10161 11441411 116 1076 1441766076
1047 1147710801 ¹07⁷ 1269243533¹
1048l 1111011191 Ι 1078 1111716111
- 1019 1111110619 Ι 1079 1116116019
1010 1080 1119711000Ι

1081

1117611000

 

