’334

Pars ΙΙΙ. Caput VII.

Rad Cub.

ι
3

331
332
333
334
335
336
333
338
333
343
343
343
333
344

345
336

36364693
36334368

36936037

37059704

37595375
3333 3336
38272753
38634333
38938339
393 04000
39633833
40003688
40353607
40707584
43063 625
414.2¹7ss

347 43383333

348
- 343
333
333
333

43344393
43338333
43873000

43243551
43614208

333 43386333

354 44368864

333
336
357
338
333

,Ι

43338833
43338036

45499893
438837334
46368379

ann-535 46636000

k.

Rad. va.

361 47043883
36 3 43433338
3383 3343
38338333
48637333
43333836
43433863

43836333
50243 3409
50653 000
33064833
33478848
33893337
52323624
52734375
33333336
33383633
378 34030333
379 54439939
38 0 34873000
3⁸1 55306341

383 33343368
383 36383887

363
366
3⁶7
368
363
370
378
372
373

3⁶4 4

375 ΜΙ
3764

377

3663 3304
37066633
57512456
57960603
38433073 4
38863869 4
33333333 ¹
393

386
4383
388
383
390

 

