488 Pars III. Caput V J. ·
Rad. Qadrat. Rad Qadra&

7 7747 3031081
¹742 1 7074764

1772 7779987
7747779
1774 3¹47076
7777 77706 25
7776 . 3734776
74 3777789

1771 ,787677ῐ
¹743 7078049 71
, ¹744 304¹535
1745 3045025
1746 3048376
¹747
1748
1779

1750

3052 009
3767784

37674847

1778
7779
1780

3055504
,3Οῇ 5900!
μοό 300 3768400
. 7787 3777967
,17727 17878877777
7777 7077009 7787 7779089

773413076376 5 1784 376 67636
„ist

. 1751 3066007

3069304

7733 3080073 7783 1 3786773

308Μ 7786 389796
7777 7087 ’079 7787 77797 ’69
7738 7788 3796944
3700377

7790 4 3204100

,7779 7789
7760
7767 3707777
,7767 3704644
779 3708769
Ι 0364 3777696
¹17653115225

7797 3207681
1792
ι797

1794

3211264
4 3²¹4849 7
3778436
7793 3222025
7766 Μ7787 1796 3773676
7767 3777789 7797 3229209
*x 7768 3773874 7798 3737804
. ¹769 7779767 7799 78767707
· 3770 3737900 7800 3740040
· · “ 7,07

.—

 

