Rad.

781
782
783
784
784

Ι

796
747]
798

804
802
803
804

809
840

’ Tabula Caberam. .

· Cub. Rad.

4⁷63⁷954¹ 811
478211768 812

480048687 ἲ 813
481890304 Ι 8 14
483736625 81 5
Ἰ4484487646 81 6
487443403 817
489303872 8 ¹8
491169069 819
493039000 820
4949¹3⁶⁷¹ 821
496793088 8 22
4⁹8⁶77257 823
500566184 824
502459875 82 5
504358336 826
50626¹573
508169592
510082399 Ι
’ς44000000
5¹3922401
515849608
517781627
5¹97¹⁸4⁶4

827
828
8 29
830
8 31
83 2
83 3
834
835

525557943
527514112
. 529475129
531441000

37
83 8

844
840 Ι

ἲ

521 4
Cub.

533411731

535387328 .

537367797
539353144
541343375
444448448
444448414
547343432
549353259
4543680001
44448740
555412248
557441767
559476224
561515625
γ-484444476
565609283
567663552 ’

569722789 ⁸

571787000
573856191
575930368
5⁷8000937
580093704
582182875
584277056
586376253 .
588480472
590589719 “

592704000 .

84ι .

 

