Tabuga 273αᾶ3313636. 435
A 1²

(836366378666383606366.

1866’ 823ad' l8ad. 823ad' lead 82666.
ι 1 3¹¹9 9⁶¹ 61 3721'911 8383

2 4 32 ¹⁰24 62 3844 9² 8464‘

s 3 33 1089 63 3363133 8⁶49

16154 115⁶ 644096 94 8836
ι 071 35 1225 63,
36 813 3⁶ 1296

4225 31 3033 .
66 435⁶ 9⁶ 9216

43 37 3363 67 6683 97 3303

8 64 38 1444 68 4624 98 ἩΙ 3604
33 3331 694763 33 3803
ιο 100 40 3600 70 4900 300 30000
11 121 41 1681 73 5041 303130303
12 144 42 1764 72 5184 102 10404
13 363 43 1833 33 3333 103
¹4¹ 196 μ3936 74 5476 ¹04 Ι ,0836

30403 -

’ 15 225 45 2025 75 5625 105 33033 ’
36 256 46 2156 76 5776 306 33336

· 14 324 48 2304 78 6084 108 11664
19 361 49 2401 79 6241 303 ,33883

¹7 2³9 4⁷ 2209 773 3333 ¹07 ¹1449
20 400 50 β17300 808

6400 110 33300
33 643 31 3603 81
22 484 52
²3 5²9

0561 111 12321‚ ·

2809 8 36889 333 12769¹

24 376 54 2916 84 705 6 333 33336Ι
²5 633 33 3052 85 7225 115 ¹³2²5
26 676 563136 86 739⁶ ¹¹⁶ 334ς6Ι
²7 729 573 3249 87 75⁶9 ¹¹7 13939

Ι
38 784 13 583 887744 338 ¹3924v

2704 8316734 ,333 12544

29 841 33 7843 83 7 931 113 34363
30 920 60 3600 90 8300 120 ¹44⁰⁰

(38 333

μ’. 3

 

