Ras‘l. Qadr. .
448 4 5404964 45 ¹1
2'282 5207524 2312 '
2283 · 5444089 23 13 5349969

2285 2315 5359225 ’4

2316

5444445
4486 5445796
4487 5450569
4488 4444444 , 2 5³751-24⁴
2289 5459544 4 5577764

’ 4490 5444400 , 4540 5584400
2291 444808Ι ·44ΖΙ 448704ι

- 4494 5455464 4544 5594684
4495 5455849 2323 539 33

4494“ 5464456 Ι 2324 5400976
2295 5267025· 2325 ·¹ ’
4496 5474646 2326

3397 3376309 3337

4498 5480804 45 48 5449584

2299 85404 4549 5424241
’88840οο 4550 45448900

44844 5446656 4 2314 5354596

444Ι 4444484
’,4440 4444444 ·

‹ 4444 4444884

4444 4447446

4444 4444444

4556 5456866

4447 Ι 4484489
4448 4486444
4404 5331481 4444 4470444
4540 5556400 4540 5455600.
li 4404

⁴-

 

