5²0 Pars ΙΙΙ. Cap. Vll.
Rad. Cub. Rad. Cub. ‘'Rad. Cnb.

⁶⁹1 329939371‘721 974899999 751423564751
699 339379888 799 976967948 752 9493999998
699 99980997 799 977999967 799 496997777
694 9999999984 794 979999994 794 498669964
699 999799979 799 9899978999 799 499998879
696 337963336 796 3896379γὸ 756 9439989996
997 998698879 747 9994949989 797 4997989997
’698 340068392 728 385828352 758 435519512
· 699 9949999999 799 9874999489 799 497949479 ·
,799 3439999999 739 3899979999 769 498976999
799 944479999 739 3999697899 769 4497999899
709 3943948408 739 3999999689· 769 9449430798
799 947498997 799 999899897 799 4499994947
794 9489999647794 9994996994 794 449949744 ;
799 9994999999799 397969379 769 4947697999 8
799 398998968796 9936888996 766 4999499994 9
797 999399949 797 49999909 767 9999997669 6
798 994894899798 4999997979 768 4999848999 ‚ Ν
799 9964999999 no 4999999499 769 4947966999
790 357911000 740 405224000 770 456533000¹
799 999499499749 4998699999 779 9998994999 -
7¹2 360944128 742 9998998488 779 4699999648
⁷¹3 969467997 749 499979497 ⁷⁷3 4699999997
794 969994944 744 4998997899 774 469984894
, , 799 969999879 749 499999699 779 469484979
’796 767969696 746 9393969936 776 9367988976
797 368699893 747 9996839794 777 9369997433 ¹
718 370146232 748 4987998999 778 4799999ς9 8
799 9796999999 749 499989749 779 47979969 8
799 373248000 750 9999879990 789 474ςς9999

789 4

 

