506 Pars 111. Caput V 1.
Rad Qadrat

Rad. ,Quadrat

2821 7958040
0800 7965684
7969009

8008900 Ι

8004560
80000 4

802 5889 ·

8031556
803 57005
8040896
8048569
8054244
8059900
0840 8065600
2841 8070080
0840 8076964
0845 · 8080649
2844 8088556

8099706
8005409
8000004
²849 8006800

7 2850 Ι 8000500

A·

“ 0858

’ 0874
8094005 Ι

8008000
8000994
8059609 ἶ
8045506 ,
8050005
80567 56’
8060449
8068064
8075 880
8179600
8185321
0860 8090044
0865 8096769
0864 8000496
0865 8008005
0866 8005956
0867 Ι 8009689
2868 8005 5404
0869 8050060
0870 8056900
2871 7 8040640

0850
0850 Ι
2853
2854
2855
2856 Ι
2887 4

0859
0860 ⁴
0860

· ,870 8048584

8054009
8059876
0875 8065605
2876 8271376
2877 8277129
2878 8 8080884
0879 8088640

0875

, 2880 8094400

⁶ 0880

 

