‘, Tabula Quadratortim. 493

Rad. Qadmt'. Rad. Qadrat'.

2041 4165681· 2072 ’ 4289042

2042 4269764 2072 4299284

2042 ’ 4227840 20⁷3 4292229 .
2044 4277926 2074 4301476

2045 4182025 ²075 4305625
Ὶ2046 4286226 ’ 2076 4909776 ·
2047 4290209 43¹ 3929

2048 4294904

2049 4298402 -

2050 4202500 2080

2⁰5¹ 4206602 . 2082

2052 4220704 2082

2053 4214809 2089

· 2054 4218916 ι 2084 49490264. .
2055 4223025 2805 4347225
·2056 4227136 2086 4351396

γ 205⁷ 4231249 ’ 2087 4355569
2028 4242304 2088 4229744

ms 4239481 2089 49699922

2060 4243 3600 2090 4968200
2061 4247722 2091 Ι 4972282
20⁶2 4251344 20624 4976464
20⁶3 4266909 209414780649
2064Ι 4260096 2094 4384826
20678 4264222 1 2095 438 9025
2066 1 4268646 2096 4999226

20⁶7 4272489 ¹ 2097 4397409

2068 4276624 2098 4402604

2069 4280762 2099 44098 02 ’

²070 2200 4420000

4284900

2808

 

