‘laTabu 944440474 469

Rad Qud Rad. Qua4 1844947146

391 454881 411 197141 431
392153664 4²2 178084 452 194394 ,
391 176449 411 178919 453 193199
19411916 424 171774 131, 296116
¹ 395 856028 425 180625 455 207025-
5 396 136816 416 181476 436 197396
397157609 417 181319 437 198849
198 96164 4181811811 48 169114

399 139101
499 169999

419 184441 439 119689
430 184900 8

,491 161694 431 186614

, 493 161499
1 404 163116
, 4931164913

411 187489

414 188336 , Α ’

435 9225 .

γ 40⁶ 1⁶48⁶ 4169196696 .

x407 163649 437 196969 .’ ,

‚ 408 166464 8191844

¹ 499 163181 439 191711 ,
9168199 449 193699

8411 16 911 441 194481 . ’

8414169744 442 193364 471 222784

4311176164, 441 196149 471 111719

8414171369 444 197136, 4474 114 76

; 401 169891 ἶ 431 187761

{4151172225 445 198913 7 193613
4¹⁶5¹73056 Ι 146 198916 76 226576
1417171889 447 199869 477 117419
8418174714 448 8199794 478 Ι198484
4·19 173361 4494191691 479 229441 ”
6191764199 439 191399 ’488 139499

. 617 ’681

 

203401 .

