. Rad.
Δ4044444 5 4054

4044484 ·40544 4406704

4440946
4445045

1146446 ἷ1144

4050645 ἓ4055

, 4054676 4056

¹054729 ¹057

' 4056784 5 4058 4449564

4058844 4059 4444484

4050 4060900 4060 4445 600

4054 4064964 · 4064 4445744

¹⁰32 4065944 4064 4447844

,4055 4067089 4065 4449969

, 4054 406945 6 4064 4454096
45455, 4074445 · , 4065 4454445

’ ³05⁶ 4075496, ’4066 4456556

,4057 1 4075569 4067 4458489

4058 4077444 ’ 4068 4440644

4059 4079544, 4069 5 4444764

4445456
4447449

4046549 54055 5 440 80 09

,4044 1083'681 4074 4447044 1
4054 40857 64 5 4074
4045 4087859 4075
1044 5 4089956 4074
4045 4094045 4075 4455645
’4046 4094446 4076 4457776

1144 1146114 Ι ¹077 1149914
54048 5 4059804 5 40785 44564084

,4040 4084600 4070 4444900
5 4449484

44545 549 5

1153476

4400404
5 4404500 ,

4079 5 4464444
54080 4466500

4084

4049
4050

 

