518 Parslll. CaputVH.

Rad. cub. Rad. Cub.
571 186169411 601 Ι 217081801
57 2 187149248 602 2181672 08
57 ς 188132517 603 2¹925⁶2 27
5 7 4 1891 19 224 604 220348864
575- ¹90109375 ⁶05 ²21445¹²5 ³
576 191102976 606 222545016
577 192100033 607 ²·23648545
578¹ 193200552 608 224755711 1

579 ¹94¹04539 ¹ 609 225866529
580 195112000 610 226981000

581 Ι 196122941 611 ²23099¹3¹
5 8 2 197137 368 612 229220 928
583 198155287' 613 230346397 ᾖ
584 199176704 ⁶¹4 231475544
585 1 200101625 ¹615 232608375
586 201230056 616 233744896
587 202261003 617 234885113 ³
588 203297472 618 ‘236029032
589 204336469 ⁶¹⁹· 237176651
590 ²05379000 620 238328000
59¹ 206425071 Α 621 239483061
592 207474688 622 240641848 Ἴ
2085278 57 ⁶²3 2418043 ⁶7
209584584 624 242970614
2¹0644875 ⁶25 Σ4464660
211708736 626 245314376 ¹
59⁷ · 2‘12776173 ⁶27 ²4649¹881
598 213847192 ⁶28 247673152
599 2¹492¹799 629 248858189
„⁶⁰ 0 416000000 630 0500447000

631

 

